,polarity_confidence,polarity
0,0.852408699596,1
1,0.576837807393,0
2,0.854629430343,1
3,0.852408699596,1
4,0.852408699596,1
5,0.852408699596,1
6,0.692458452902,1
7,0.834836364942,1
8,0.832720937838,1
9,0.788596855375,1
10,0.718962886848,1
11,0.836965351205,1
12,0.920988342402,1
13,0.640318281974,1
14,0.551572160378,0
15,0.582463346031,0
16,0.78669017828,1
17,0.751699904749,1
18,0.7862176326,1
19,0.813140047869,1
20,0.838822353348,1
21,0.96431186987,1
22,0.786939913333,1
23,0.861572811371,1
24,0.939636974037,1
25,0.876658260707,1
26,0.656905258893,1
27,0.568355434245,0
28,0.852578741577,1
29,0.921248691018,1
30,0.852578741577,1
31,0.87292511236,1
32,0.805471171544,1
33,0.754579380012,1
34,0.480787241057,0
35,0.771478019262,1
36,0.851612653546,1
37,0.772620674099,1
38,0.865958569877,1
39,0.80810142663,1
40,0.516517452485,0
41,0.708633056279,1
42,0.493578441825,0
43,0.77653632879,1
44,0.999326468617,1
45,0.563964821451,0
46,0.906499919172,1
47,0.702181117858,1
48,0.786035429379,1
49,0.718063983898,1
50,0.848231569758,1
51,0.805179240024,1
52,0.763134972061,1
53,0.621394514463,1
54,0.759049039157,1
55,0.833725620039,1
56,0.885703578686,1
57,0.763664448435,1
58,0.974366806071,1
59,0.868910606826,1
60,0.706875957048,1
61,0.732980919325,1
62,0.768466905169,1
63,0.744704353544,1
64,0.686588830935,1
65,0.960879016157,1
66,0.889483632458,1
67,0.738485393907,1
68,0.868197648162,1
69,0.459025599786,0
70,0.921810847943,1
71,0.904945498978,1
72,0.686197488233,1
73,0.899578634477,1
74,0.468919845681,0
75,0.992781725875,1
76,0.83206391317,1
77,0.827015251017,1
78,0.804236528251,1
79,0.875613408023,1
80,0.529770767881,0
81,0.6604349417,1
82,0.865594737416,1
83,0.686455373686,1
84,0.661880429991,1
85,0.634229750284,1
86,0.772620674099,1
87,0.919123374926,1
88,0.772620674099,1
89,0.869236998874,1
90,0.934315527426,1
91,0.677327374666,1
92,0.847313300455,1
93,0.867026126959,1
94,0.87518991833,1
95,0.926585984734,1
96,0.665498521414,1
97,0.461382835358,0
98,0.897449270319,1
99,0.708003469944,1
100,0.77634755628,1
101,0.975820320319,1
102,0.666020948929,1
103,0.688606585764,1
104,0.531276558494,0
105,0.746147405333,1
106,0.685538300321,1
107,0.787731226841,1
108,0.859761461316,1
109,0.866566759533,1
110,0.717589619218,1
111,0.873521640168,1
112,0.703956062094,1
113,0.713522845813,1
114,0.792650562146,1
115,0.798864681292,1
116,0.99656765396,1
117,0.799068865414,1
118,0.791917531747,1
119,0.689089208335,1
120,0.78931317753,1
121,0.913544503317,1
122,0.794682392461,1
123,0.603627379462,1
124,0.747577221395,1
125,0.809887378298,1
126,0.583362395885,0
127,0.639905603072,1
128,0.853409008116,1
129,0.678272616986,1
130,0.772620674099,1
131,0.780650669949,1
132,0.775444105024,1
133,0.815659839863,1
134,0.710654043247,1
135,0.522489280543,0
136,0.859005344917,1
137,0.643816406889,1
138,0.896581977772,1
139,0.670695493003,1
140,0.678399876593,1
141,0.702166167282,1
142,0.832759283668,1
143,0.616899960107,1
144,0.717631784838,1
145,0.786832404076,1
146,0.53005836297,0
147,0.728731991979,1
148,0.778059107721,1
149,0.388848625918,0
150,0.573226277593,0
151,0.871830887292,1
152,0.972631739154,1
153,0.763787064338,1
154,0.482697417929,0
155,0.805697005365,1
156,0.464350408964,0
157,0.437465003714,0
158,0.618888122502,1
159,0.601449354149,1
160,0.772469273366,1
161,0.831731964157,1
162,0.740974541695,1
163,0.549988413469,0
164,0.779846321704,1
165,0.803743988558,1
166,0.757434261774,1
167,0.992995978617,1
168,0.368528031326,0
169,0.792048398971,1
170,0.799998999811,1
171,0.805435627659,1
172,0.421014248601,0
173,0.840361296229,1
174,0.673921755746,1
175,0.727057537066,1
176,0.737020461314,1
177,0.736200119177,1
178,0.479490318087,0
179,0.891088634303,1
180,0.803850732732,1
181,0.783333830934,1
182,0.935989474052,1
183,0.469589495696,0
184,0.745591261811,1
185,0.662442551382,1
186,0.783333830934,1
187,0.853572169394,1
188,0.732729089329,1
189,0.851281614274,1
190,0.849120240235,1
191,0.896289100993,1
192,0.741193286657,1
193,0.923571000722,1
194,0.785607211612,1
195,0.851932650912,1
196,0.712952781227,1
197,0.850182933236,1
198,0.838143562207,1
199,0.86141808119,1
200,0.579991040362,0
201,0.797705167069,1
202,0.888906371048,1
203,0.67334324292,1
204,0.654513556358,1
205,0.608938531553,1
206,0.748186644826,1
207,0.790703896104,1
208,0.867743927709,1
209,0.470528967203,0
210,0.791114831898,1
211,0.826236274916,1
212,0.551308726172,0
213,0.856303230066,1
214,0.562055192149,0
215,0.771122201198,1
216,0.684743653382,1
217,0.421429765381,0
218,0.856533185316,1
219,0.547220000074,0
220,0.670513952004,1
221,0.777769106967,1
222,0.786035429379,1
223,0.735533674337,1
224,0.77241403201,1
225,0.735673179133,1
226,0.790931284604,1
227,0.727452135014,1
228,0.77653632879,1
229,0.803119537584,1
230,0.708633056279,1
231,0.903011931831,1
232,0.899931840746,1
233,0.910402272545,1
234,0.508523352604,0
235,0.866566759533,1
236,0.976917025673,1
237,0.854863192697,1
238,0.92354985678,1
239,0.977803259937,1
240,0.786035429379,1
241,0.871197850815,1
242,0.77436055143,1
243,0.468919845681,0
244,0.740416514294,1
245,0.929884508994,1
246,0.702575583521,1
247,0.603859511854,1
248,0.870478560493,1
249,0.676884073754,1
250,0.77436055143,1
251,0.959615224551,1
252,0.878557842839,1
253,0.86621820508,1
254,0.902238300874,1
255,0.883417667402,1
256,0.883417667402,1
257,0.883417667402,1
258,0.77436055143,1
259,0.77436055143,1
260,0.709754338923,1
261,0.606997497342,1
262,0.66638423573,1
263,0.711455578667,1
264,0.983735723662,1
265,0.509676826659,0
266,0.711455578667,1
267,0.92913506703,1
268,0.701771848577,1
269,0.522961707029,0
270,0.7283391833,1
271,0.775111139092,1
272,0.610795331208,1
273,0.923392355598,1
274,0.644451678037,1
275,0.960816451606,1
276,0.934361489309,1
277,0.965338554202,1
278,0.803034153543,1
279,0.946692464215,1
280,0.753644540516,1
281,0.663078480175,1
282,0.876235801825,1
283,0.610083847925,1
284,0.730429923946,1
285,0.701420330823,1
286,0.752141801591,1
287,0.860786098682,1
288,0.791175977756,1
289,0.893881606265,1
290,0.781748626461,1
291,0.488509348811,0
292,0.775059321029,1
293,0.772762868978,1
294,0.625766111032,1
295,0.725526882288,1
296,0.788825493532,1
297,0.617130866731,1
298,0.686830554478,1
299,0.505376483117,0
300,0.737208050144,1
301,0.649208952141,1
302,0.675426548254,1
303,0.733362996993,1
304,0.961784606,1
305,0.86199162851,1
306,0.705060325958,1
307,0.833430109099,1
308,0.681878791859,1
309,0.878609890175,1
310,0.666661774128,1
311,0.738425078857,1
312,0.804221654256,1
313,0.597840675072,0
314,0.846349584609,1
315,0.772461031792,1
316,0.647765382237,1
317,0.977803259937,1
318,0.649641490076,1
319,0.745696177389,1
320,0.538376119196,0
321,0.839449992535,1
322,0.826954481683,1
323,0.590283404252,0
324,0.552189474951,0
325,0.60335920815,1
326,0.563721721017,0
327,0.812433138717,1
328,0.781645796348,1
329,0.915469463877,1
330,0.874145400547,1
331,0.838306548273,1
332,0.858747477739,1
333,0.772620674099,1
334,0.835644233423,1
335,0.748936375024,1
336,0.741193286657,1
337,0.896045413641,1
338,0.708520137612,1
339,0.48236693892,0
340,0.776056518767,1
341,0.798864681292,1
342,0.753644540516,1
343,0.596943239489,0
344,0.729716693964,1
345,0.360235643842,0
346,0.519925095996,0
347,0.693718649956,1
348,0.621819045325,1
349,0.573375369397,0
350,0.930652601298,1
351,0.669952300373,1
352,0.691978855246,1
353,0.772620674099,1
354,0.757015517325,1
355,0.724591669454,1
356,0.700254345481,1
357,0.738451548477,1
358,0.646518289731,1
359,0.667898612472,1
360,0.814055647547,1
361,0.565096494951,0
362,0.794280877346,1
363,0.800686070654,1
364,0.859144316157,1
365,0.755250403678,1
366,0.546191663908,0
367,0.757102715329,1
368,0.659767250602,1
369,0.748251483431,1
370,0.687984325672,1
371,0.600947146327,1
372,0.765370958745,1
373,0.778170873566,1
374,0.581269725888,0
375,0.800547574682,1
376,0.668845009386,1
377,0.815412677111,1
378,0.752880749728,1
379,0.77436055143,1
380,0.733046582715,1
381,0.842745944271,1
382,0.708633056279,1
383,0.772847209661,1
384,0.907304240878,1
385,0.536807483597,0
386,0.653647205605,1
387,0.911697518343,1
388,0.767302309514,1
389,0.423144872638,0
390,0.832034485321,1
391,0.786035429379,1
392,0.871536329698,1
393,0.768736102248,1
394,0.786035429379,1
395,0.57721844857,0
396,0.922217424116,1
397,0.797446072906,1
398,0.717454205135,1
399,0.900980581446,1
400,0.97005260619,1
401,0.657891430251,1
402,0.724639534422,1
403,0.951447101846,1
404,0.548898766457,0
405,0.780807190279,1
406,0.77436055143,1
407,0.50912038442,0
408,0.481079225563,0
409,0.804758231431,1
410,0.623043801218,1
411,0.578031085119,0
412,0.839207816895,1
413,0.719423832657,1
414,0.794280877346,1
415,0.859806754142,1
416,0.633571094812,1
417,0.752098381948,1
418,0.531276558494,0
419,0.771321589548,1
420,0.632564671722,1
421,0.916455521832,1
422,0.903024879726,1
423,0.931568982137,1
424,0.480787241057,0
425,0.896519885397,1
426,0.968397664458,1
427,0.764378671475,1
428,0.640243554377,1
429,0.731539955344,1
430,0.995929038257,1
431,0.784472891663,1
432,0.681321677902,1
433,0.786035429379,1
434,0.870960057823,1
435,0.696152376972,1
436,0.928847500346,1
437,0.626086472033,1
438,0.809418623296,1
439,0.60994480631,1
440,0.89870114272,1
441,0.475810797534,0
442,0.740314597336,1
443,0.715852362034,1
444,0.892212374651,1
445,0.476724442181,0
446,0.751433305499,1
447,0.453595802831,0
448,0.660682930375,1
449,0.768344926338,1
450,0.922522335165,1
451,0.945966473853,1
452,0.489308817662,0
453,0.74450018341,1
454,0.679673642808,1
455,0.727353303121,1
456,0.807478915878,1
457,0.975612858283,1
458,0.624723000549,1
459,0.831628686675,1
460,0.936717359092,1
461,0.813383326787,1
462,0.772167254118,1
463,0.846649264771,1
464,0.899078013713,1
465,0.772620674099,1
466,0.894215156042,1
467,0.635568212032,1
468,0.727165875282,1
469,0.801076665897,1
470,0.635568212032,1
471,0.778617941187,1
472,0.749057222535,1
473,0.865359558256,1
474,0.892285277127,1
475,0.864703908338,1
476,0.843162442555,1
477,0.791917531747,1
478,0.926817812546,1
479,0.649187250648,1
480,0.853283477181,1
481,0.657892103257,1
482,0.878927962983,1
483,0.719501832237,1
484,0.673431206922,1
485,0.722725153636,1
486,0.792471438457,1
487,0.738173208574,1
488,0.863172953264,1
489,0.871370771693,1
490,0.737571660264,1
491,0.929382733732,1
492,0.895424691673,1
493,0.779084140879,1
494,0.791917531747,1
495,0.786746976412,1
496,0.772620674099,1
497,0.662463576488,1
498,0.823813248602,1
499,0.755017050251,1
500,0.479869312583,0
501,0.560685632968,0
502,0.880170017036,1
503,0.502205532608,0
504,0.597843245991,0
505,0.907476947384,1
506,0.583913268517,0
507,0.865892776999,1
508,0.851725558993,1
509,0.627554992614,1
510,0.69916286549,1
511,0.809405792971,1
512,0.79979637878,1
513,0.843766827087,1
514,0.634392448187,1
515,0.897012252248,1
516,0.930308740248,1
517,0.863961687186,1
518,0.784752478184,1
519,0.627554992614,1
520,0.783791159874,1
521,0.708633056279,1
522,0.497637831078,0
523,0.653778382646,1
524,0.829989790406,1
525,0.698303958113,1
526,0.773310863083,1
527,0.780058248307,1
528,0.805435627659,1
529,0.77707944383,1
530,0.770565941975,1
531,0.835077922657,1
532,0.833894229986,1
533,0.907851275126,1
534,0.864487411751,1
535,0.822150617143,1
536,0.844737472155,1
537,0.925136372429,1
538,0.969702858539,1
539,0.617620864657,1
540,0.844737472155,1
541,0.688422913977,1
542,0.852408699596,1
543,0.886608826933,1
544,0.852408699596,1
545,0.854629430343,1
546,0.852408699596,1
547,0.852408699596,1
548,0.819686176325,1
549,0.786035429379,1
550,0.820181199076,1
551,0.583222485985,0
552,0.77717723318,1
553,0.721894564705,1
554,0.53132739267,0
555,0.873459657125,1
556,0.867635284542,1
557,0.764496679631,1
558,0.78787131459,1
559,0.697727380067,1
560,0.853298059322,1
561,0.871696788725,1
562,0.748747802615,1
563,0.912428010525,1
564,0.750827572034,1
565,0.8190343663,1
566,0.631335594773,1
567,0.512853845939,0
568,0.985507057531,1
569,0.524859721396,0
570,0.717008999733,1
571,0.788598974667,1
572,0.734551258003,1
573,0.875676685603,1
574,0.854965237685,1
575,0.946037831538,1
576,0.459721833408,0
577,0.928207109924,1
578,0.5609576359,0
579,0.692456265873,1
580,0.789992273201,1
581,0.682889607322,1
582,0.881827835305,1
583,0.604858515881,1
584,0.854221289919,1
585,0.824910237549,1
586,0.852408699596,1
587,0.901704982426,1
588,0.754822916001,1
589,0.885909220427,1
590,0.602289396563,1
591,0.541008351286,0
592,0.852408699596,1
593,0.661214621299,1
594,0.854629430343,1
595,0.852408699596,1
596,0.852408699596,1
597,0.852408699596,1
598,0.802693741155,1
599,0.862894626834,1
600,0.969743496873,1
601,0.6605821748,1
602,0.602728323546,1
603,0.786035366344,1
604,0.757170389935,1
605,0.631999734965,1
606,0.586248318388,0
607,0.91580380435,1
608,0.906532847268,1
609,0.555135129329,0
610,0.819922204725,1
611,0.909506229819,1
612,0.780469047571,1
613,0.478901328687,0
614,0.867535333122,1
615,0.351092926051,0
616,0.834632010396,1
617,0.468665904715,0
618,0.498448173983,0
619,0.753644540516,1
620,0.753368881773,1
621,0.776126326646,1
622,0.910018750992,1
623,0.988325840434,1
624,0.772620674099,1
625,0.950976335715,1
626,0.738106158729,1
627,0.560163338465,0
628,0.843673297065,1
629,0.940605893073,1
630,0.470691628849,0
631,0.805474167639,1
632,0.674889255784,1
633,0.998610128796,1
634,0.953682936508,1
635,0.678051951818,1
636,0.667287103062,1
637,0.757341951951,1
638,0.916505136244,1
639,0.811143861153,1
640,0.811155673736,1
641,0.917791875861,1
642,0.84562549221,1
643,0.958791389344,1
644,0.887173858876,1
645,0.874370296301,1
646,0.984946024382,1
647,0.990134970809,1
648,0.772620674099,1
649,0.692161245245,1
650,0.772620674099,1
651,0.997999354713,1
652,0.55597921704,0
653,0.702422720598,1
654,0.605121630705,1
655,0.736718189805,1
656,0.743094210719,1
657,0.657943233738,1
658,0.701538856849,1
659,0.823441878543,1
660,0.910320136875,1
661,0.753713569742,1
662,0.91350368259,1
663,0.413547204225,0
664,0.744258510765,1
665,0.785007549119,1
666,0.903725404194,1
667,0.633337800502,1
668,0.837674393097,1
669,0.792700620739,1
670,0.818934103933,1
671,0.718071929745,1
672,0.853151183758,1
673,0.715638933621,1
674,0.861692222594,1
675,0.48236693892,0
676,0.801108646955,1
677,0.819686176325,1
678,0.949294693643,1
679,0.772620674099,1
680,0.813797605069,1
681,0.670285336199,1
682,0.808175614211,1
683,0.732836461944,1
684,0.994157491546,1
685,0.477734949808,0
686,0.753644540516,1
687,0.758623663508,1
688,0.536534561683,0
689,0.95254458162,1
690,0.702043672041,1
691,0.772620674099,1
692,0.772620674099,1
693,0.740314597336,1
694,0.733061557238,1
695,0.462811049772,0
696,0.7109685386,1
697,0.669952300373,1
698,0.814590206878,1
699,0.919224406181,1
700,0.518912703105,0
701,0.543434074623,0
702,0.821331898504,1
703,0.772620674099,1
704,0.726803381949,1
705,0.8024189955,1
706,0.691579794949,1
707,0.625447275117,1
708,0.696061415231,1
709,0.60994480631,1
710,0.526627878269,0
711,0.571952733987,0
712,0.772620674099,1
713,0.652879931457,1
714,0.654179061752,1
715,0.848057810878,1
716,0.876711432013,1
717,0.460808006405,0
718,0.975618521088,1
719,0.644611075421,1
720,0.742837067983,1
721,0.809979151208,1
722,0.729423668653,1
723,0.855925346616,1
724,0.45176584372,0
725,0.621284045592,1
726,0.753572214665,1
727,0.923404896401,1
728,0.460617868008,0
729,0.944943159814,1
730,0.865892776999,1
731,0.72561041962,1
732,0.772620674099,1
733,0.591901435624,0
734,0.7109685386,1
735,0.964453948508,1
736,0.737494934321,1
737,0.879295398855,1
738,0.712145521222,1
739,0.852408699596,1
740,0.436105437066,0
741,0.973534744993,1
742,0.852408699596,1
743,0.854629430343,1
744,0.852408699596,1
745,0.852408699596,1
746,0.799460614348,1
747,0.77436055143,1
748,0.782754084588,1
749,0.734820508095,1
750,0.910805838641,1
751,0.903052887661,1
752,0.981631087676,1
753,0.824271573336,1
754,0.742117539674,1
755,0.956054303789,1
756,0.834199797194,1
757,0.938975153236,1
758,0.917625601695,1
759,0.689515024749,1
760,0.854111040825,1
761,0.722976829601,1
762,0.922812907417,1
763,0.879167609587,1
764,0.93925204178,1
765,0.67564913798,1
766,0.907585821942,1
767,0.799718436633,1
768,0.688571843226,1
769,0.840628969398,1
770,0.471446947449,0
771,0.949344206183,1
772,0.972636884863,1
773,0.812687681713,1
774,0.879511027994,1
775,0.652541206644,1
776,0.717049626717,1
777,0.883401815079,1
778,0.739379025088,1
779,0.707407045713,1
780,0.663125859022,1
781,0.792177322639,1
782,0.814842658495,1
783,0.862775223751,1
784,0.897669034618,1
785,0.887334146478,1
786,0.84848966715,1
787,0.489985855268,0
788,0.840620410604,1
789,0.949875218648,1
790,0.849631143756,1
791,0.839923488479,1
792,0.828971136538,1
793,0.628646577217,1
794,0.653198645042,1
795,0.925392904461,1
796,0.633631970987,1
797,0.435458303857,0
798,0.767790687741,1
799,0.734677412072,1
800,0.982241229574,1
801,0.732911602008,1
802,0.650843714547,1
803,0.889201262843,1
804,0.77974724953,1
805,0.65366204523,1
806,0.856019680839,1
807,0.846452787033,1
808,0.786035403114,1
809,0.921819793159,1
810,0.686863984783,1
811,0.718812616937,1
812,0.628329882167,1
813,0.810470224515,1
814,0.795003588147,1
815,0.761168956079,1
816,0.912528620901,1
817,0.72952415204,1
818,0.841395430689,1
819,0.949184177069,1
820,0.747995966364,1
821,0.841093519407,1
822,0.952575318049,1
823,0.550602710998,0
824,0.467419153058,0
825,0.711170465358,1
826,0.827723282821,1
827,0.937324108252,1
828,0.656924666721,1
829,0.879594455219,1
830,0.83541140766,1
831,0.504781273263,0
832,0.807982100323,1
833,0.936761120294,1
834,0.768716149048,1
835,0.766145070524,1
836,0.991144035068,1
837,0.882321062125,1
838,0.821216678566,1
839,0.698258707443,1
840,0.954892427828,1
841,0.743911543899,1
842,0.964349424098,1
843,0.842207360552,1
844,0.76473502591,1
845,0.904908765208,1
846,0.720989695216,1
847,0.698495035475,1
848,0.60631219867,1
849,0.870742354669,1
850,0.910084119985,1
851,0.871931798525,1
852,0.517950838033,0
853,0.955312715102,1
854,0.850569677275,1
855,0.836188640499,1
856,0.836640928955,1
857,0.56121689353,0
858,0.647670443707,1
859,0.552699093056,0
860,0.737977612122,1
861,0.668240294612,1
862,0.743723891301,1
863,0.660610850741,1
864,0.505433219612,0
865,0.900515507705,1
866,0.905365539454,1
867,0.475808844995,0
868,0.536922617533,0
869,0.8325356115,1
870,0.399055201958,0
871,0.934881745512,1
872,0.95461485621,1
873,0.800738566,1
874,0.403010783513,0
875,0.784602675128,1
876,0.682754229751,1
877,0.733088453733,1
878,0.756165098947,1
879,0.837747830894,1
880,0.653430115915,1
881,0.89695638545,1
882,0.428337705227,0
883,0.712030205913,1
884,0.950390717478,1
885,0.726691888072,1
886,0.758024278828,1
887,0.959920379526,1
888,0.698687266118,1
889,0.903862075064,1
890,0.838163360958,1
891,0.914945102038,1
892,0.538541117073,0
893,0.703603119904,1
894,0.376965071548,0
895,0.634792137764,1
896,0.961172509698,1
897,0.576292740023,0
898,0.905417172621,1
899,0.796223492812,1
900,0.977803259937,1
901,0.931202751283,1
902,0.888442673731,1
903,0.505573425204,0
904,0.923933323884,1
905,0.640948489808,1
906,0.863513837629,1
907,0.697988646236,1
908,0.940155446777,1
909,0.855751731477,1
910,0.611997181716,1
911,0.788349426279,1
912,0.732471816513,1
913,0.708633056279,1
914,0.795538999106,1
915,0.77653632879,1
916,0.945035768068,1
917,0.989320128363,1
918,0.741068942056,1
919,0.609629909417,1
920,0.409327680063,0
921,0.909872778461,1
922,0.65054211037,1
923,0.65229073416,1
924,0.8496261133,1
925,0.999906230656,1
926,0.752818600339,1
927,0.428674868131,0
928,0.73409992564,1
929,0.601197276418,1
930,0.850286380783,1
931,0.744721510967,1
932,0.614944094504,1
933,0.728679380975,1
934,0.577690075542,0
935,0.920550912692,1
936,0.916953647479,1
937,0.765122799384,1
938,0.792441772835,1
939,0.886063141525,1
940,0.728583701119,1
941,0.651271962396,1
942,0.464863425629,0
943,0.695849953889,1
944,0.968686699191,1
945,0.690820855083,1
946,0.526753634974,0
947,0.713270848359,1
948,0.60994480631,1
949,0.761834018247,1
950,0.484053755359,0
951,0.635568212032,1
952,0.699048569132,1
953,0.919307382267,1
954,0.912184012923,1
955,0.78064153928,1
956,0.588500600623,0
957,0.616899960107,1
958,0.930644715176,1
959,0.742276532759,1
960,0.468919845681,0
961,0.468919845681,0
962,0.468919845681,0
963,0.468919845681,0
964,0.903321422164,1
965,0.786572192566,1
966,0.885596082522,1
967,0.583962661741,0
968,0.687185724364,1
969,0.857998043114,1
970,0.74635896722,1
971,0.922926731666,1
972,0.746319142394,1
973,0.823227733186,1
974,0.693348398333,1
975,0.675935643147,1
976,0.818314410283,1
977,0.805070165914,1
978,0.499304965369,0
979,0.469589495696,0
980,0.893967475307,1
981,0.708633056279,1
982,0.903321422164,1
983,0.840687614787,1
984,0.715058216322,1
985,0.95461485621,1
986,0.489182793935,0
987,0.869248536117,1
988,0.852408699596,1
989,0.852408699596,1
990,0.852408699596,1
991,0.854629430343,1
992,0.852408699596,1
993,0.864238370544,1
994,0.934444418075,1
995,0.808859035097,1
996,0.712448700719,1
997,0.764002040673,1
998,0.674941118678,1
999,0.689947299847,1
